 it it*dt hoje agora duração da simulação (min)
           0   0.0000000000000000             2022           6          28        -180          14          51          56          42   0.0000000000000000     
           1   1.0000000000000000E-003        2022           6          28        -180          14          53          44         745   1.8097329166666669     
           2   2.0000000000000000E-003        2022           6          28        -180          14          55           5         398   3.1534657500000001     
           3   3.0000000000000001E-003        2022           6          28        -180          14          56          41         966   4.7627285833333337     
           4   4.0000000000000001E-003        2022           6          28        -180          14          58           8         692   6.2079917833333331     
           5   5.0000000000000001E-003        2022           6          28        -180          14          59          38         700   7.7079588833333332     
           6   6.0000000000000001E-003        2022           6          28        -180          15           0          55         107   8.9811779999999999     
           7   7.0000000000000001E-003        2022           6          28        -180          15           2           0         374   10.068831249999999     
           8   8.0000000000000002E-003        2022           6          28        -180          15           3          12         325   11.267872316666665     
           9   9.0000000000000011E-003        2022           6          28        -180          15           4          45          22   12.812174483333333     
          10   1.0000000000000000E-002        2022           6          28        -180          15           6           1         420   14.085289416666665     
