   0.0000000000000000       0.50000000000000000     
   1.0000000000000000E-003  0.50000000022351743     
   2.0000000000000000E-003  0.49999980185180903     
   3.0000000000000001E-003  0.49999961558729411     
   4.0000000000000001E-003  0.49999952152371407     
   5.0000000000000001E-003  0.49999926354736091     
   6.0000000000000001E-003  0.49999922629445792     
   7.0000000000000001E-003  0.49999907355755568     
   8.0000000000000002E-003  0.49999895248562098     
   9.0000000000000011E-003  0.49999886214733125     
   1.0000000000000000E-002  0.49999871872365476     
