 it*dt vol_ini vol_ins vol_ini-vol_ins divergencia
   1.0000000000000000E-003   1.5000000000013347        1.5000000000013347        0.0000000000000000        18.734513028550030     
   2.0000000000000000E-003   1.5000000000013347        1.5100484616612073       -1.0048461659872610E-002   11.453424904529209     
   3.0000000000000001E-003   1.5000000000013347        1.5100932194561265       -1.0093219454791802E-002   14.486964505083620     
   4.0000000000000001E-003   1.5000000000013347        1.5101393576647915       -1.0139357663456749E-002   15.835904904139642     
   5.0000000000000001E-003   1.5000000000013347        1.5101975056772274       -1.0197505675892726E-002   13.353766571311542     
   6.0000000000000001E-003   1.5000000000013347        1.5102846168404469       -1.0284616839112193E-002   12.209729233432283     
   7.0000000000000001E-003   1.5000000000013347        1.5104168426300044       -1.0416842628669709E-002   10.549680460484511     
   8.0000000000000002E-003   1.5000000000013347        1.5106113666763652       -1.0611366675030487E-002   9.8583292803450746     
   9.0000000000000011E-003   1.5000000000013347        1.5108757505352151       -1.0875750533880346E-002   19.118614822970855     
   1.0000000000000000E-002   1.5000000000013347        1.5112018630408839       -1.1201863039549176E-002   15.039908199761051     
