   0.0000000000000000       0.50000000000000000     
   1.0000000000000000E-003  0.50000000022351743     
   2.0000000000000000E-003  0.49999335151165725     
   3.0000000000000001E-003  0.49998733516782523     
   4.0000000000000001E-003  0.49998125642538072     
   5.0000000000000001E-003  0.49997511994093657     
   6.0000000000000001E-003  0.49996929358690978     
   7.0000000000000001E-003  0.49996330983936788     
   8.0000000000000002E-003  0.49995715379714967     
   9.0000000000000011E-003  0.49995118308812381     
   1.0000000000000000E-002  0.49994505032896996     
