 it*dt vol_ini vol_ins vol_ini-vol_ins divergencia
   1.0000000000000000E-003   1.5000000000013347        1.5000000000013347        0.0000000000000000        16.263245613207658     
   2.0000000000000000E-003   1.5000000000013347        1.5100486682020451       -1.0048668200710376E-002   18.162275988168737     
   3.0000000000000001E-003   1.5000000000013347        1.5100932019608446       -1.0093201959509912E-002   13.543045516999410     
   4.0000000000000001E-003   1.5000000000013347        1.5101390892721374       -1.0139089270802648E-002   15.047689956311006     
   5.0000000000000001E-003   1.5000000000013347        1.5101967319775367       -1.0196731976201967E-002   12.117766104564081     
   6.0000000000000001E-003   1.5000000000013347        1.5102833928675057       -1.0283392866170971E-002   9.5931315584154540     
   7.0000000000000001E-003   1.5000000000013347        1.5104176641179756       -1.0417664116640912E-002   11.526161989276833     
   8.0000000000000002E-003   1.5000000000013347        1.5106139082756120       -1.0613908274277328E-002   13.555110297727708     
   9.0000000000000011E-003   1.5000000000013347        1.5108782497433426       -1.0878249742007906E-002   12.531968050012519     
   1.0000000000000000E-002   1.5000000000013347        1.5112041485633294       -1.1204148561994698E-002   9.6762068581597731     
