 it it*dt hoje agora duração da simulação (min)
           0   0.0000000000000000             2022           9           8        -180          18          23          11         240   0.0000000000000000     
           1   1.0000000000000000E-003        2022           9           8        -180          18          24          20         938   1.1615415000000000     
           2   2.0000000000000000E-003        2022           9           8        -180          18          25          49         883   2.6438399000000001     
           3   3.0000000000000001E-003        2022           9           8        -180          18          26          56         719   3.7576597999999999     
           4   4.0000000000000001E-003        2022           9           8        -180          18          28           4         995   4.8954893500000001     
           5   5.0000000000000001E-003        2022           9           8        -180          18          29          14         478   6.0534254500000007     
           6   6.0000000000000001E-003        2022           9           8        -180          18          30          23         806   7.2086331000000001     
           7   7.0000000000000001E-003        2022           9           8        -180          18          31          48         112   8.6135464333333331     
           8   8.0000000000000002E-003        2022           9           8        -180          18          32          48         714   9.6231126499999995     
           9   9.0000000000000011E-003        2022           9           8        -180          18          33          45         125   10.563195100000000     
          10   1.0000000000000000E-002        2022           9           8        -180          18          34          55           8   11.727264450000000     
