   0.0000000000000000       0.50000000000000000     
   1.0000000000000000E-003  0.50000000022351743     
   2.0000000000000000E-003  0.49999366536736489     
   3.0000000000000001E-003  0.49998756613582374     
   4.0000000000000001E-003  0.49998138867318631     
   5.0000000000000001E-003  0.49997532669454814     
   6.0000000000000001E-003  0.49996920417994262     
   7.0000000000000001E-003  0.49996329214423896     
   8.0000000000000002E-003  0.49995728418231011     
   9.0000000000000011E-003  0.49995117098093034     
   1.0000000000000000E-002  0.49994501307606698     
