   0.0000000000000000       0.50000000000000000     
   1.0000000000000000E-003  0.50000000022351743     
   2.0000000000000000E-003  0.49999987170100213     
   3.0000000000000001E-003  0.49999957833439113     
   4.0000000000000001E-003  0.49999951221048833     
   5.0000000000000001E-003  0.49999930452555419     
   6.0000000000000001E-003  0.49999907635152341     
   7.0000000000000001E-003  0.49999905865639449     
   8.0000000000000002E-003  0.49999881464987994     
   9.0000000000000011E-003  0.49999855760484935     
   1.0000000000000000E-002  0.49999840393662454     
