 it it*dt hoje agora duração da simulação (min)
           0   0.0000000000000000             2022           6          28        -180           9          15          30         264   0.0000000000000000     
           1   1.0000000000000000E-003        2022           6          28        -180           9          17           6         511   1.6031279500000002     
           2   2.0000000000000000E-003        2022           6          28        -180           9          18          21         602   2.8544676499999997     
           3   3.0000000000000001E-003        2022           6          28        -180           9          20           5         283   4.5819919333333328     
           4   4.0000000000000001E-003        2022           6          28        -180           9          21          32         171   6.0299619666666660     
           5   5.0000000000000001E-003        2022           6          28        -180           9          23          20          72   7.8240050999999990     
           6   6.0000000000000001E-003        2022           6          28        -180           9          24          49          19   9.3038224333333321     
           7   7.0000000000000001E-003        2022           6          28        -180           9          26           5         733   10.579277133333333     
           8   8.0000000000000002E-003        2022           6          28        -180           9          27          30         149   11.984053833333332     
           9   9.0000000000000011E-003        2022           6          28        -180           9          29          15         856   13.742916599999999     
          10   1.0000000000000000E-002        2022           6          28        -180           9          30          50         582   15.320138333333334     
