 it it*dt hoje agora duração da simulação (min)
           0   0.0000000000000000             2022           6          27        -180           1          29          34         989   0.0000000000000000     
           1   1.0000000000000000E-003        2022           6          27        -180           1          31           6         570   1.5259672000000000     
           2   2.0000000000000000E-003        2022           6          27        -180           1          32          22         702   2.7944946333333336     
           3   3.0000000000000001E-003        2022           6          27        -180           1          33          59         431   4.4062670499999994     
           4   4.0000000000000001E-003        2022           6          27        -180           1          35          29         661   5.9097020166666665     
           5   5.0000000000000001E-003        2022           6          27        -180           1          37           2         491   7.4564523666666664     
           6   6.0000000000000001E-003        2022           6          27        -180           1          38          19         525   8.7400634166666666     
           7   7.0000000000000001E-003        2022           6          27        -180           1          39          28         249   9.8852811499999991     
           8   8.0000000000000002E-003        2022           6          27        -180           1          40          43         761   11.143547266666667     
           9   9.0000000000000011E-003        2022           6          27        -180           1          42          19         722   12.742733249999999     
          10   1.0000000000000000E-002        2022           6          27        -180           1          43          38         684   14.058525966666668     
