 it it*dt hoje agora duração da simulação (min)
           0   0.0000000000000000             2022           6          27        -180           2          11          42         158   0.0000000000000000     
           1   1.0000000000000000E-003        2022           6          27        -180           2          13          26         128   1.7279166500000001     
           2   2.0000000000000000E-003        2022           6          27        -180           2          14          45         226   3.0450284333333335     
           3   3.0000000000000001E-003        2022           6          27        -180           2          16          36         677   4.8999464333333345     
           4   4.0000000000000001E-003        2022           6          27        -180           2          18          24         194   6.6893646666666671     
           5   5.0000000000000001E-003        2022           6          27        -180           2          20           6         721   8.3955612666666664     
           6   6.0000000000000001E-003        2022           6          27        -180           2          21          26         904   9.7315926999999984     
           7   7.0000000000000001E-003        2022           6          27        -180           2          22          41         685   10.976545849999999     
           8   8.0000000000000002E-003        2022           6          27        -180           2          24           3         580   12.340967833333332     
           9   9.0000000000000011E-003        2022           6          27        -180           2          25          47          73   14.065306999999999     
          10   1.0000000000000000E-002        2022           6          27        -180           2          27           7         658   15.407952783333334     
