 it it*dt hoje agora duração da simulação (min)
           0   0.0000000000000000             2022           6          27        -180           1          53          34         825   0.0000000000000000     
           1   1.0000000000000000E-003        2022           6          27        -180           1          55          14         733   1.6631986000000001     
           2   2.0000000000000000E-003        2022           6          27        -180           1          56          31         285   2.9388850500000006     
           3   3.0000000000000001E-003        2022           6          27        -180           1          58           8         557   4.5596575333333336     
           4   4.0000000000000001E-003        2022           6          27        -180           1          59          41         765   6.1124336833333333     
           5   5.0000000000000001E-003        2022           6          27        -180           2           1          20         611   7.7589502499999998     
           6   6.0000000000000001E-003        2022           6          27        -180           2           2          42         555   9.1242113333333332     
           7   7.0000000000000001E-003        2022           6          27        -180           2           3          54         653   10.325389816666666     
           8   8.0000000000000002E-003        2022           6          27        -180           2           5          13         968   11.646935933333333     
           9   9.0000000000000011E-003        2022           6          27        -180           2           6          55         549   13.339464216666666     
          10   1.0000000000000000E-002        2022           6          27        -180           2           8          18         466   14.721301766666667     
